pred2gt_mean: 0.598596
pred2gt_median: 0.483323
pred2gt_95: 1.208356
pred2gt_max: 10.589962
gt2pred_mean: 0.785413
gt2pred_median: 0.757017
gt2pred_95: 1.430476
gt2pred_max: 2.533641
chamfer: 1.384009
