pred2gt_mean: 0.774450
pred2gt_median: 0.572766
pred2gt_95: 1.422430
pred2gt_max: 11.492386
gt2pred_mean: 0.957425
gt2pred_median: 0.867994
gt2pred_95: 1.963465
gt2pred_max: 3.043202
chamfer: 1.731875
