pred2gt_mean: 0.308913
pred2gt_median: 0.322219
pred2gt_95: 0.478861
pred2gt_max: 0.499998
gt2pred_mean: 1.438911
gt2pred_median: 1.276891
gt2pred_95: 3.238314
gt2pred_max: 7.210524
chamfer: 1.747823
