pred2gt_mean: 0.780032
pred2gt_median: 0.577001
pred2gt_95: 1.436804
pred2gt_max: 11.478468
gt2pred_mean: 0.959666
gt2pred_median: 0.861764
gt2pred_95: 1.954820
gt2pred_max: 3.516930
chamfer: 1.739698
